{
  "w": 2048.0,
  "h": 2448.0,
  "fl_x": 2513.402583655839,
  "fl_y": 2513.402583655839,
  "cx": 1024.0,
  "cy": 1224.0,
  "frames": [
    {
      "file_path": "images/19224108_0000",
      "transform_matrix": [
        [
          -0.0513960950339205,
          0.29085308347735633,
          0.9553862701849437,
          3.6640324262526542
        ],
        [
          0.9985980221907055,
          0.0028341706388777415,
          0.05285789963313666,
          0.07705473970348935
        ],
        [
          0.012666155378689337,
          0.9567635294676782,
          -0.2905909792120544,
          -0.9818703491133649
        ],
        [
          0.0,
          0.0,
          0.0,
          1.0
        ]
      ],
      "time": 0.0
    },
    {
      "file_path": "images/19305309_0000",
      "transform_matrix": [
        [
          -0.7065872853981386,
          0.3336722393204688,
          0.6240170228699482,
          2.4936553069945355
        ],
        [
          0.6753483129335861,
          0.05468735613720684,
          0.7354685236612831,
          2.746537218170961
        ],
        [
          0.2112795880744112,
          0.9411015512666613,
          -0.2639863744164405,
          -0.9482827228655617
        ],
        [
          0.0,
          0.0,
          0.0,
          1.0
        ]
      ],
      "time": 0.0
    },
    {
      "file_path": "images/19305314_0000",
      "transform_matrix": [
        [
          0.3464827922546637,
          0.23222072493235554,
          0.9088581900352898,
          3.3849012269215435
        ],
        [
          0.930828714138938,
          0.03492755370040989,
          -0.3637828623327144,
          -1.3410779668447128
        ],
        [
          -0.11622211324738511,
          0.972035802280624,
          -0.20405592245245374,
          -0.7967701008176179
        ],
        [
          0.0,
          0.0,
          0.0,
          1.0
        ]
      ],
      "time": 0.0
    },
    {
      "file_path": "images/19305319_0000",
      "transform_matrix": [
        [
          -0.42173164122119605,
          -0.25501241507152295,
          0.8701213081882238,
          3.6625435787603715
        ],
        [
          0.9048079151784367,
          -0.18066052018375875,
          0.3855961787640157,
          1.6394243330685834
        ],
        [
          0.05886475537129483,
          0.9499107561328907,
          0.30692750930645446,
          1.368854167507452
        ],
        [
          0.0,
          0.0,
          0.0,
          1.0
        ]
      ],
      "time": 0.0
    },
    {
      "file_path": "images/19305323_0000",
      "transform_matrix": [
        [
          -0.719904080872379,
          -0.12217437063813646,
          0.683236077438385,
          2.9034757693882947
        ],
        [
          0.677549164498964,
          -0.33722492912648866,
          0.6536103402352327,
          2.8053377943065514
        ],
        [
          0.15054980583000163,
          0.9334627846596553,
          0.3255487453991141,
          1.4604004810136462
        ],
        [
          0.0,
          0.0,
          0.0,
          1.0
        ]
      ],
      "time": 0.0
    },
    {
      "file_path": "images/19305326_0000",
      "transform_matrix": [
        [
          -0.40345172245680133,
          -0.035265051936658104,
          0.9143211053943059,
          3.6382516192059327
        ],
        [
          0.9149270597141104,
          -0.02824563609271383,
          0.40262968028280877,
          1.6433545021357512
        ],
        [
          0.011626824628442098,
          0.9989787586152977,
          0.04366070081256544,
          0.09648973413509364
        ],
        [
          0.0,
          0.0,
          0.0,
          1.0
        ]
      ],
      "time": 0.0
    },
    {
      "file_path": "images/19305328_0000",
      "transform_matrix": [
        [
          -0.7132227190463061,
          0.0589758717038444,
          0.6984520023622854,
          2.8219254576325183
        ],
        [
          0.6832051384513563,
          -0.1642246227203519,
          0.7115202120010695,
          2.913139583833804
        ],
        [
          0.15666554131388785,
          0.9846583772353593,
          0.07683611335824876,
          0.20298523909476968
        ],
        [
          0.0,
          0.0,
          0.0,
          1.0
        ]
      ],
      "time": 0.0
    },
    {
      "file_path": "images/19305329_0000",
      "transform_matrix": [
        [
          -0.40889245448868594,
          0.2629802162754248,
          0.8738697651943732,
          3.362519444277387
        ],
        [
          0.9118982705067279,
          0.08066636775411347,
          0.40241083653428444,
          1.533955039898531
        ],
        [
          0.035334188974990625,
          0.9614230821922182,
          -0.27279507350471155,
          -1.0366163665307582
        ],
        [
          0.0,
          0.0,
          0.0,
          1.0
        ]
      ],
      "time": 0.0
    },
    {
      "file_path": "images/19305334_0000",
      "transform_matrix": [
        [
          0.32115536548881685,
          -0.28366415856773547,
          0.9035451711855493,
          3.6832738400992295
        ],
        [
          0.9385059870667906,
          0.22302623870453092,
          -0.26356367179322093,
          -1.031607456026975
        ],
        [
          -0.1267507138409077,
          0.9326274400872524,
          0.3378465843368329,
          1.591172325795572
        ],
        [
          0.0,
          0.0,
          0.0,
          1.0
        ]
      ],
      "time": 0.0
    },
    {
      "file_path": "images/19305336_0000",
      "transform_matrix": [
        [
          -0.009331085779956503,
          -0.33453878619653926,
          0.9423357848342774,
          3.9118319629527436
        ],
        [
          0.9942968614414287,
          0.09701726101500859,
          0.04428772282355523,
          0.3013862685502729
        ],
        [
          -0.10623879783785099,
          0.9373747658253329,
          0.33172558876097674,
          1.4048870861322629
        ],
        [
          0.0,
          0.0,
          0.0,
          1.0
        ]
      ],
      "time": 0.0
    },
    {
      "file_path": "images/19305337_0000",
      "transform_matrix": [
        [
          0.3126349304954376,
          -0.08245929521146522,
          0.946287411349354,
          3.7057848771201782
        ],
        [
          0.9399933781001862,
          0.17017071384506838,
          -0.2957268626237501,
          -1.2597443873878174
        ],
        [
          -0.13664497562486919,
          0.9819584475899698,
          0.1307125007568977,
          0.33720267531993214
        ],
        [
          0.0,
          0.0,
          0.0,
          1.0
        ]
      ],
      "time": 0.0
    },
    {
      "file_path": "images/19305340_0000",
      "transform_matrix": [
        [
          -0.04176332456664087,
          -0.0655880591757714,
          0.996972432530417,
          3.9774828013401566
        ],
        [
          0.9978842462558956,
          0.04702604627501924,
          0.04489523411308392,
          0.20563713410029655
        ],
        [
          -0.04982826301881295,
          0.9967380586072824,
          0.06348532696033227,
          0.14204942596712147
        ],
        [
          0.0,
          0.0,
          0.0,
          1.0
        ]
      ],
      "time": 0.0
    }
  ]
}