{
    "w": 1024,
    "h": 1024,
    "fl_x": 1256.70129182792,
    "fl_y": 1256.70129182792,
    "cx": 512,
    "cy": 512,
    "frames": [
        {
            "file_path": "images/19224108_0000",
            "transform_matrix": [
                [
                    -0.0513960950339205,
                    0.29085308347735633,
                    0.9553862701849437,
                    3.6640324262526542
                ],
                [
                    0.9985980221907055,
                    0.0028341706388777415,
                    0.05285789963313666,
                    0.07705473970348935
                ],
                [
                    0.012666155378689337,
                    0.9567635294676782,
                    -0.2905909792120544,
                    -0.9818703491133649
                ],
                [
                    0.0,
                    0.0,
                    0.0,
                    1.0
                ]
            ],
            "time": 0.0
        },
        {
            "file_path": "images/19224108_0001",
            "transform_matrix": [
                [
                    -0.0513960950339205,
                    0.29085308347735633,
                    0.9553862701849437,
                    3.6640324262526542
                ],
                [
                    0.9985980221907055,
                    0.0028341706388777415,
                    0.05285789963313666,
                    0.07705473970348935
                ],
                [
                    0.012666155378689337,
                    0.9567635294676782,
                    -0.2905909792120544,
                    -0.9818703491133649
                ],
                [
                    0.0,
                    0.0,
                    0.0,
                    1.0
                ]
            ],
            "time": 0.027777777777777776
        },
        {
            "file_path": "images/19224108_0002",
            "transform_matrix": [
                [
                    -0.0513960950339205,
                    0.29085308347735633,
                    0.9553862701849437,
                    3.6640324262526542
                ],
                [
                    0.9985980221907055,
                    0.0028341706388777415,
                    0.05285789963313666,
                    0.07705473970348935
                ],
                [
                    0.012666155378689337,
                    0.9567635294676782,
                    -0.2905909792120544,
                    -0.9818703491133649
                ],
                [
                    0.0,
                    0.0,
                    0.0,
                    1.0
                ]
            ],
            "time": 0.05555555555555555
        },
        {
            "file_path": "images/19224108_0003",
            "transform_matrix": [
                [
                    -0.0513960950339205,
                    0.29085308347735633,
                    0.9553862701849437,
                    3.6640324262526542
                ],
                [
                    0.9985980221907055,
                    0.0028341706388777415,
                    0.05285789963313666,
                    0.07705473970348935
                ],
                [
                    0.012666155378689337,
                    0.9567635294676782,
                    -0.2905909792120544,
                    -0.9818703491133649
                ],
                [
                    0.0,
                    0.0,
                    0.0,
                    1.0
                ]
            ],
            "time": 0.08333333333333333
        },
        {
            "file_path": "images/19224108_0004",
            "transform_matrix": [
                [
                    -0.0513960950339205,
                    0.29085308347735633,
                    0.9553862701849437,
                    3.6640324262526542
                ],
                [
                    0.9985980221907055,
                    0.0028341706388777415,
                    0.05285789963313666,
                    0.07705473970348935
                ],
                [
                    0.012666155378689337,
                    0.9567635294676782,
                    -0.2905909792120544,
                    -0.9818703491133649
                ],
                [
                    0.0,
                    0.0,
                    0.0,
                    1.0
                ]
            ],
            "time": 0.1111111111111111
        },
        {
            "file_path": "images/19224108_0005",
            "transform_matrix": [
                [
                    -0.0513960950339205,
                    0.29085308347735633,
                    0.9553862701849437,
                    3.6640324262526542
                ],
                [
                    0.9985980221907055,
                    0.0028341706388777415,
                    0.05285789963313666,
                    0.07705473970348935
                ],
                [
                    0.012666155378689337,
                    0.9567635294676782,
                    -0.2905909792120544,
                    -0.9818703491133649
                ],
                [
                    0.0,
                    0.0,
                    0.0,
                    1.0
                ]
            ],
            "time": 0.1388888888888889
        },
        {
            "file_path": "images/19224108_0006",
            "transform_matrix": [
                [
                    -0.0513960950339205,
                    0.29085308347735633,
                    0.9553862701849437,
                    3.6640324262526542
                ],
                [
                    0.9985980221907055,
                    0.0028341706388777415,
                    0.05285789963313666,
                    0.07705473970348935
                ],
                [
                    0.012666155378689337,
                    0.9567635294676782,
                    -0.2905909792120544,
                    -0.9818703491133649
                ],
                [
                    0.0,
                    0.0,
                    0.0,
                    1.0
                ]
            ],
            "time": 0.16666666666666666
        },
        {
            "file_path": "images/19224108_0007",
            "transform_matrix": [
                [
                    -0.0513960950339205,
                    0.29085308347735633,
                    0.9553862701849437,
                    3.6640324262526542
                ],
                [
                    0.9985980221907055,
                    0.0028341706388777415,
                    0.05285789963313666,
                    0.07705473970348935
                ],
                [
                    0.012666155378689337,
                    0.9567635294676782,
                    -0.2905909792120544,
                    -0.9818703491133649
                ],
                [
                    0.0,
                    0.0,
                    0.0,
                    1.0
                ]
            ],
            "time": 0.19444444444444445
        },
        {
            "file_path": "images/19224108_0008",
            "transform_matrix": [
                [
                    -0.0513960950339205,
                    0.29085308347735633,
                    0.9553862701849437,
                    3.6640324262526542
                ],
                [
                    0.9985980221907055,
                    0.0028341706388777415,
                    0.05285789963313666,
                    0.07705473970348935
                ],
                [
                    0.012666155378689337,
                    0.9567635294676782,
                    -0.2905909792120544,
                    -0.9818703491133649
                ],
                [
                    0.0,
                    0.0,
                    0.0,
                    1.0
                ]
            ],
            "time": 0.2222222222222222
        },
        {
            "file_path": "images/19224108_0009",
            "transform_matrix": [
                [
                    -0.0513960950339205,
                    0.29085308347735633,
                    0.9553862701849437,
                    3.6640324262526542
                ],
                [
                    0.9985980221907055,
                    0.0028341706388777415,
                    0.05285789963313666,
                    0.07705473970348935
                ],
                [
                    0.012666155378689337,
                    0.9567635294676782,
                    -0.2905909792120544,
                    -0.9818703491133649
                ],
                [
                    0.0,
                    0.0,
                    0.0,
                    1.0
                ]
            ],
            "time": 0.25
        },
        {
            "file_path": "images/19224108_0010",
            "transform_matrix": [
                [
                    -0.0513960950339205,
                    0.29085308347735633,
                    0.9553862701849437,
                    3.6640324262526542
                ],
                [
                    0.9985980221907055,
                    0.0028341706388777415,
                    0.05285789963313666,
                    0.07705473970348935
                ],
                [
                    0.012666155378689337,
                    0.9567635294676782,
                    -0.2905909792120544,
                    -0.9818703491133649
                ],
                [
                    0.0,
                    0.0,
                    0.0,
                    1.0
                ]
            ],
            "time": 0.2777777777777778
        },
        {
            "file_path": "images/19224108_0011",
            "transform_matrix": [
                [
                    -0.0513960950339205,
                    0.29085308347735633,
                    0.9553862701849437,
                    3.6640324262526542
                ],
                [
                    0.9985980221907055,
                    0.0028341706388777415,
                    0.05285789963313666,
                    0.07705473970348935
                ],
                [
                    0.012666155378689337,
                    0.9567635294676782,
                    -0.2905909792120544,
                    -0.9818703491133649
                ],
                [
                    0.0,
                    0.0,
                    0.0,
                    1.0
                ]
            ],
            "time": 0.3055555555555556
        },
        {
            "file_path": "images/19224108_0012",
            "transform_matrix": [
                [
                    -0.0513960950339205,
                    0.29085308347735633,
                    0.9553862701849437,
                    3.6640324262526542
                ],
                [
                    0.9985980221907055,
                    0.0028341706388777415,
                    0.05285789963313666,
                    0.07705473970348935
                ],
                [
                    0.012666155378689337,
                    0.9567635294676782,
                    -0.2905909792120544,
                    -0.9818703491133649
                ],
                [
                    0.0,
                    0.0,
                    0.0,
                    1.0
                ]
            ],
            "time": 0.3333333333333333
        },
        {
            "file_path": "images/19224108_0013",
            "transform_matrix": [
                [
                    -0.0513960950339205,
                    0.29085308347735633,
                    0.9553862701849437,
                    3.6640324262526542
                ],
                [
                    0.9985980221907055,
                    0.0028341706388777415,
                    0.05285789963313666,
                    0.07705473970348935
                ],
                [
                    0.012666155378689337,
                    0.9567635294676782,
                    -0.2905909792120544,
                    -0.9818703491133649
                ],
                [
                    0.0,
                    0.0,
                    0.0,
                    1.0
                ]
            ],
            "time": 0.3611111111111111
        },
        {
            "file_path": "images/19224108_0014",
            "transform_matrix": [
                [
                    -0.0513960950339205,
                    0.29085308347735633,
                    0.9553862701849437,
                    3.6640324262526542
                ],
                [
                    0.9985980221907055,
                    0.0028341706388777415,
                    0.05285789963313666,
                    0.07705473970348935
                ],
                [
                    0.012666155378689337,
                    0.9567635294676782,
                    -0.2905909792120544,
                    -0.9818703491133649
                ],
                [
                    0.0,
                    0.0,
                    0.0,
                    1.0
                ]
            ],
            "time": 0.3888888888888889
        },
        {
            "file_path": "images/19224108_0015",
            "transform_matrix": [
                [
                    -0.0513960950339205,
                    0.29085308347735633,
                    0.9553862701849437,
                    3.6640324262526542
                ],
                [
                    0.9985980221907055,
                    0.0028341706388777415,
                    0.05285789963313666,
                    0.07705473970348935
                ],
                [
                    0.012666155378689337,
                    0.9567635294676782,
                    -0.2905909792120544,
                    -0.9818703491133649
                ],
                [
                    0.0,
                    0.0,
                    0.0,
                    1.0
                ]
            ],
            "time": 0.4166666666666667
        },
        {
            "file_path": "images/19224108_0016",
            "transform_matrix": [
                [
                    -0.0513960950339205,
                    0.29085308347735633,
                    0.9553862701849437,
                    3.6640324262526542
                ],
                [
                    0.9985980221907055,
                    0.0028341706388777415,
                    0.05285789963313666,
                    0.07705473970348935
                ],
                [
                    0.012666155378689337,
                    0.9567635294676782,
                    -0.2905909792120544,
                    -0.9818703491133649
                ],
                [
                    0.0,
                    0.0,
                    0.0,
                    1.0
                ]
            ],
            "time": 0.4444444444444444
        },
        {
            "file_path": "images/19224108_0017",
            "transform_matrix": [
                [
                    -0.0513960950339205,
                    0.29085308347735633,
                    0.9553862701849437,
                    3.6640324262526542
                ],
                [
                    0.9985980221907055,
                    0.0028341706388777415,
                    0.05285789963313666,
                    0.07705473970348935
                ],
                [
                    0.012666155378689337,
                    0.9567635294676782,
                    -0.2905909792120544,
                    -0.9818703491133649
                ],
                [
                    0.0,
                    0.0,
                    0.0,
                    1.0
                ]
            ],
            "time": 0.4722222222222222
        },
        {
            "file_path": "images/19224108_0018",
            "transform_matrix": [
                [
                    -0.0513960950339205,
                    0.29085308347735633,
                    0.9553862701849437,
                    3.6640324262526542
                ],
                [
                    0.9985980221907055,
                    0.0028341706388777415,
                    0.05285789963313666,
                    0.07705473970348935
                ],
                [
                    0.012666155378689337,
                    0.9567635294676782,
                    -0.2905909792120544,
                    -0.9818703491133649
                ],
                [
                    0.0,
                    0.0,
                    0.0,
                    1.0
                ]
            ],
            "time": 0.5
        },
        {
            "file_path": "images/19224108_0019",
            "transform_matrix": [
                [
                    -0.0513960950339205,
                    0.29085308347735633,
                    0.9553862701849437,
                    3.6640324262526542
                ],
                [
                    0.9985980221907055,
                    0.0028341706388777415,
                    0.05285789963313666,
                    0.07705473970348935
                ],
                [
                    0.012666155378689337,
                    0.9567635294676782,
                    -0.2905909792120544,
                    -0.9818703491133649
                ],
                [
                    0.0,
                    0.0,
                    0.0,
                    1.0
                ]
            ],
            "time": 0.5277777777777778
        },
        {
            "file_path": "images/19224108_0020",
            "transform_matrix": [
                [
                    -0.0513960950339205,
                    0.29085308347735633,
                    0.9553862701849437,
                    3.6640324262526542
                ],
                [
                    0.9985980221907055,
                    0.0028341706388777415,
                    0.05285789963313666,
                    0.07705473970348935
                ],
                [
                    0.012666155378689337,
                    0.9567635294676782,
                    -0.2905909792120544,
                    -0.9818703491133649
                ],
                [
                    0.0,
                    0.0,
                    0.0,
                    1.0
                ]
            ],
            "time": 0.5555555555555556
        },
        {
            "file_path": "images/19224108_0021",
            "transform_matrix": [
                [
                    -0.0513960950339205,
                    0.29085308347735633,
                    0.9553862701849437,
                    3.6640324262526542
                ],
                [
                    0.9985980221907055,
                    0.0028341706388777415,
                    0.05285789963313666,
                    0.07705473970348935
                ],
                [
                    0.012666155378689337,
                    0.9567635294676782,
                    -0.2905909792120544,
                    -0.9818703491133649
                ],
                [
                    0.0,
                    0.0,
                    0.0,
                    1.0
                ]
            ],
            "time": 0.5833333333333334
        },
        {
            "file_path": "images/19224108_0022",
            "transform_matrix": [
                [
                    -0.0513960950339205,
                    0.29085308347735633,
                    0.9553862701849437,
                    3.6640324262526542
                ],
                [
                    0.9985980221907055,
                    0.0028341706388777415,
                    0.05285789963313666,
                    0.07705473970348935
                ],
                [
                    0.012666155378689337,
                    0.9567635294676782,
                    -0.2905909792120544,
                    -0.9818703491133649
                ],
                [
                    0.0,
                    0.0,
                    0.0,
                    1.0
                ]
            ],
            "time": 0.6111111111111112
        },
        {
            "file_path": "images/19224108_0023",
            "transform_matrix": [
                [
                    -0.0513960950339205,
                    0.29085308347735633,
                    0.9553862701849437,
                    3.6640324262526542
                ],
                [
                    0.9985980221907055,
                    0.0028341706388777415,
                    0.05285789963313666,
                    0.07705473970348935
                ],
                [
                    0.012666155378689337,
                    0.9567635294676782,
                    -0.2905909792120544,
                    -0.9818703491133649
                ],
                [
                    0.0,
                    0.0,
                    0.0,
                    1.0
                ]
            ],
            "time": 0.6388888888888888
        },
        {
            "file_path": "images/19224108_0024",
            "transform_matrix": [
                [
                    -0.0513960950339205,
                    0.29085308347735633,
                    0.9553862701849437,
                    3.6640324262526542
                ],
                [
                    0.9985980221907055,
                    0.0028341706388777415,
                    0.05285789963313666,
                    0.07705473970348935
                ],
                [
                    0.012666155378689337,
                    0.9567635294676782,
                    -0.2905909792120544,
                    -0.9818703491133649
                ],
                [
                    0.0,
                    0.0,
                    0.0,
                    1.0
                ]
            ],
            "time": 0.6666666666666666
        },
        {
            "file_path": "images/19224108_0025",
            "transform_matrix": [
                [
                    -0.0513960950339205,
                    0.29085308347735633,
                    0.9553862701849437,
                    3.6640324262526542
                ],
                [
                    0.9985980221907055,
                    0.0028341706388777415,
                    0.05285789963313666,
                    0.07705473970348935
                ],
                [
                    0.012666155378689337,
                    0.9567635294676782,
                    -0.2905909792120544,
                    -0.9818703491133649
                ],
                [
                    0.0,
                    0.0,
                    0.0,
                    1.0
                ]
            ],
            "time": 0.6944444444444444
        },
        {
            "file_path": "images/19224108_0026",
            "transform_matrix": [
                [
                    -0.0513960950339205,
                    0.29085308347735633,
                    0.9553862701849437,
                    3.6640324262526542
                ],
                [
                    0.9985980221907055,
                    0.0028341706388777415,
                    0.05285789963313666,
                    0.07705473970348935
                ],
                [
                    0.012666155378689337,
                    0.9567635294676782,
                    -0.2905909792120544,
                    -0.9818703491133649
                ],
                [
                    0.0,
                    0.0,
                    0.0,
                    1.0
                ]
            ],
            "time": 0.7222222222222222
        },
        {
            "file_path": "images/19224108_0027",
            "transform_matrix": [
                [
                    -0.0513960950339205,
                    0.29085308347735633,
                    0.9553862701849437,
                    3.6640324262526542
                ],
                [
                    0.9985980221907055,
                    0.0028341706388777415,
                    0.05285789963313666,
                    0.07705473970348935
                ],
                [
                    0.012666155378689337,
                    0.9567635294676782,
                    -0.2905909792120544,
                    -0.9818703491133649
                ],
                [
                    0.0,
                    0.0,
                    0.0,
                    1.0
                ]
            ],
            "time": 0.75
        },
        {
            "file_path": "images/19224108_0028",
            "transform_matrix": [
                [
                    -0.0513960950339205,
                    0.29085308347735633,
                    0.9553862701849437,
                    3.6640324262526542
                ],
                [
                    0.9985980221907055,
                    0.0028341706388777415,
                    0.05285789963313666,
                    0.07705473970348935
                ],
                [
                    0.012666155378689337,
                    0.9567635294676782,
                    -0.2905909792120544,
                    -0.9818703491133649
                ],
                [
                    0.0,
                    0.0,
                    0.0,
                    1.0
                ]
            ],
            "time": 0.7777777777777778
        },
        {
            "file_path": "images/19224108_0029",
            "transform_matrix": [
                [
                    -0.0513960950339205,
                    0.29085308347735633,
                    0.9553862701849437,
                    3.6640324262526542
                ],
                [
                    0.9985980221907055,
                    0.0028341706388777415,
                    0.05285789963313666,
                    0.07705473970348935
                ],
                [
                    0.012666155378689337,
                    0.9567635294676782,
                    -0.2905909792120544,
                    -0.9818703491133649
                ],
                [
                    0.0,
                    0.0,
                    0.0,
                    1.0
                ]
            ],
            "time": 0.8055555555555556
        },
        {
            "file_path": "images/19224108_0030",
            "transform_matrix": [
                [
                    -0.0513960950339205,
                    0.29085308347735633,
                    0.9553862701849437,
                    3.6640324262526542
                ],
                [
                    0.9985980221907055,
                    0.0028341706388777415,
                    0.05285789963313666,
                    0.07705473970348935
                ],
                [
                    0.012666155378689337,
                    0.9567635294676782,
                    -0.2905909792120544,
                    -0.9818703491133649
                ],
                [
                    0.0,
                    0.0,
                    0.0,
                    1.0
                ]
            ],
            "time": 0.8333333333333334
        },
        {
            "file_path": "images/19224108_0031",
            "transform_matrix": [
                [
                    -0.0513960950339205,
                    0.29085308347735633,
                    0.9553862701849437,
                    3.6640324262526542
                ],
                [
                    0.9985980221907055,
                    0.0028341706388777415,
                    0.05285789963313666,
                    0.07705473970348935
                ],
                [
                    0.012666155378689337,
                    0.9567635294676782,
                    -0.2905909792120544,
                    -0.9818703491133649
                ],
                [
                    0.0,
                    0.0,
                    0.0,
                    1.0
                ]
            ],
            "time": 0.8611111111111112
        },
        {
            "file_path": "images/19224108_0032",
            "transform_matrix": [
                [
                    -0.0513960950339205,
                    0.29085308347735633,
                    0.9553862701849437,
                    3.6640324262526542
                ],
                [
                    0.9985980221907055,
                    0.0028341706388777415,
                    0.05285789963313666,
                    0.07705473970348935
                ],
                [
                    0.012666155378689337,
                    0.9567635294676782,
                    -0.2905909792120544,
                    -0.9818703491133649
                ],
                [
                    0.0,
                    0.0,
                    0.0,
                    1.0
                ]
            ],
            "time": 0.8888888888888888
        },
        {
            "file_path": "images/19305309_0000",
            "transform_matrix": [
                [
                    -0.7065872853981386,
                    0.3336722393204688,
                    0.6240170228699482,
                    2.4936553069945355
                ],
                [
                    0.6753483129335861,
                    0.05468735613720684,
                    0.7354685236612831,
                    2.746537218170961
                ],
                [
                    0.2112795880744112,
                    0.9411015512666613,
                    -0.2639863744164405,
                    -0.9482827228655617
                ],
                [
                    0.0,
                    0.0,
                    0.0,
                    1.0
                ]
            ],
            "time": 0.0
        },
        {
            "file_path": "images/19305309_0001",
            "transform_matrix": [
                [
                    -0.7065872853981386,
                    0.3336722393204688,
                    0.6240170228699482,
                    2.4936553069945355
                ],
                [
                    0.6753483129335861,
                    0.05468735613720684,
                    0.7354685236612831,
                    2.746537218170961
                ],
                [
                    0.2112795880744112,
                    0.9411015512666613,
                    -0.2639863744164405,
                    -0.9482827228655617
                ],
                [
                    0.0,
                    0.0,
                    0.0,
                    1.0
                ]
            ],
            "time": 0.027777777777777776
        },
        {
            "file_path": "images/19305309_0002",
            "transform_matrix": [
                [
                    -0.7065872853981386,
                    0.3336722393204688,
                    0.6240170228699482,
                    2.4936553069945355
                ],
                [
                    0.6753483129335861,
                    0.05468735613720684,
                    0.7354685236612831,
                    2.746537218170961
                ],
                [
                    0.2112795880744112,
                    0.9411015512666613,
                    -0.2639863744164405,
                    -0.9482827228655617
                ],
                [
                    0.0,
                    0.0,
                    0.0,
                    1.0
                ]
            ],
            "time": 0.05555555555555555
        },
        {
            "file_path": "images/19305309_0003",
            "transform_matrix": [
                [
                    -0.7065872853981386,
                    0.3336722393204688,
                    0.6240170228699482,
                    2.4936553069945355
                ],
                [
                    0.6753483129335861,
                    0.05468735613720684,
                    0.7354685236612831,
                    2.746537218170961
                ],
                [
                    0.2112795880744112,
                    0.9411015512666613,
                    -0.2639863744164405,
                    -0.9482827228655617
                ],
                [
                    0.0,
                    0.0,
                    0.0,
                    1.0
                ]
            ],
            "time": 0.08333333333333333
        },
        {
            "file_path": "images/19305309_0004",
            "transform_matrix": [
                [
                    -0.7065872853981386,
                    0.3336722393204688,
                    0.6240170228699482,
                    2.4936553069945355
                ],
                [
                    0.6753483129335861,
                    0.05468735613720684,
                    0.7354685236612831,
                    2.746537218170961
                ],
                [
                    0.2112795880744112,
                    0.9411015512666613,
                    -0.2639863744164405,
                    -0.9482827228655617
                ],
                [
                    0.0,
                    0.0,
                    0.0,
                    1.0
                ]
            ],
            "time": 0.1111111111111111
        },
        {
            "file_path": "images/19305309_0005",
            "transform_matrix": [
                [
                    -0.7065872853981386,
                    0.3336722393204688,
                    0.6240170228699482,
                    2.4936553069945355
                ],
                [
                    0.6753483129335861,
                    0.05468735613720684,
                    0.7354685236612831,
                    2.746537218170961
                ],
                [
                    0.2112795880744112,
                    0.9411015512666613,
                    -0.2639863744164405,
                    -0.9482827228655617
                ],
                [
                    0.0,
                    0.0,
                    0.0,
                    1.0
                ]
            ],
            "time": 0.1388888888888889
        },
        {
            "file_path": "images/19305309_0006",
            "transform_matrix": [
                [
                    -0.7065872853981386,
                    0.3336722393204688,
                    0.6240170228699482,
                    2.4936553069945355
                ],
                [
                    0.6753483129335861,
                    0.05468735613720684,
                    0.7354685236612831,
                    2.746537218170961
                ],
                [
                    0.2112795880744112,
                    0.9411015512666613,
                    -0.2639863744164405,
                    -0.9482827228655617
                ],
                [
                    0.0,
                    0.0,
                    0.0,
                    1.0
                ]
            ],
            "time": 0.16666666666666666
        },
        {
            "file_path": "images/19305309_0007",
            "transform_matrix": [
                [
                    -0.7065872853981386,
                    0.3336722393204688,
                    0.6240170228699482,
                    2.4936553069945355
                ],
                [
                    0.6753483129335861,
                    0.05468735613720684,
                    0.7354685236612831,
                    2.746537218170961
                ],
                [
                    0.2112795880744112,
                    0.9411015512666613,
                    -0.2639863744164405,
                    -0.9482827228655617
                ],
                [
                    0.0,
                    0.0,
                    0.0,
                    1.0
                ]
            ],
            "time": 0.19444444444444445
        },
        {
            "file_path": "images/19305309_0008",
            "transform_matrix": [
                [
                    -0.7065872853981386,
                    0.3336722393204688,
                    0.6240170228699482,
                    2.4936553069945355
                ],
                [
                    0.6753483129335861,
                    0.05468735613720684,
                    0.7354685236612831,
                    2.746537218170961
                ],
                [
                    0.2112795880744112,
                    0.9411015512666613,
                    -0.2639863744164405,
                    -0.9482827228655617
                ],
                [
                    0.0,
                    0.0,
                    0.0,
                    1.0
                ]
            ],
            "time": 0.2222222222222222
        },
        {
            "file_path": "images/19305309_0009",
            "transform_matrix": [
                [
                    -0.7065872853981386,
                    0.3336722393204688,
                    0.6240170228699482,
                    2.4936553069945355
                ],
                [
                    0.6753483129335861,
                    0.05468735613720684,
                    0.7354685236612831,
                    2.746537218170961
                ],
                [
                    0.2112795880744112,
                    0.9411015512666613,
                    -0.2639863744164405,
                    -0.9482827228655617
                ],
                [
                    0.0,
                    0.0,
                    0.0,
                    1.0
                ]
            ],
            "time": 0.25
        },
        {
            "file_path": "images/19305309_0010",
            "transform_matrix": [
                [
                    -0.7065872853981386,
                    0.3336722393204688,
                    0.6240170228699482,
                    2.4936553069945355
                ],
                [
                    0.6753483129335861,
                    0.05468735613720684,
                    0.7354685236612831,
                    2.746537218170961
                ],
                [
                    0.2112795880744112,
                    0.9411015512666613,
                    -0.2639863744164405,
                    -0.9482827228655617
                ],
                [
                    0.0,
                    0.0,
                    0.0,
                    1.0
                ]
            ],
            "time": 0.2777777777777778
        },
        {
            "file_path": "images/19305309_0011",
            "transform_matrix": [
                [
                    -0.7065872853981386,
                    0.3336722393204688,
                    0.6240170228699482,
                    2.4936553069945355
                ],
                [
                    0.6753483129335861,
                    0.05468735613720684,
                    0.7354685236612831,
                    2.746537218170961
                ],
                [
                    0.2112795880744112,
                    0.9411015512666613,
                    -0.2639863744164405,
                    -0.9482827228655617
                ],
                [
                    0.0,
                    0.0,
                    0.0,
